image: submap_0.pgm
resolution: 0.025000
origin: [-4.473896, -13.354376, 0.000000]
negate: 0
occupied_thresh: 0.65
free_thresh: 0.196

